-7.67853   0.218329
-6.45159   0.716782
-5.22465   1.21523
-3.9977   1.71369
-2.77076   2.21214
-2.04377   3.70546
-1.31678   5.19878
-0.589787   6.6921
0.137204   8.18542
0.591828   6.70558
1.04645   5.22574
1.50108   3.74589
1.9557   2.26605
3.78713   1.62127
5.61856   0.976493
7.44999   0.331714
9.28142   -0.313065
7.54786   -0.850449
5.8143   -1.38783
4.08073   -1.92522
2.34717   -2.4626
2.06664   -3.43134
1.7861   -4.40008
1.50557   -5.36881
1.22504   -6.33755
0.944503   -7.30629
0.66397   -8.27502
0.383436   -9.24376
0.102903   -10.2125
-0.228129   -9.19762
-0.55916   -8.18274
-0.890192   -7.16786
-1.22122   -6.15297
-1.55226   -5.13809
-1.88329   -4.12321
-2.21432   -3.10833
-2.54535   -2.09345
-3.85002   -1.55756
-5.15468   -1.02168
-6.45934   -0.485795
-7.76401   0.0500904
-5.80218   -0.00476395
-3.84035   -0.0596183
-1.87853   -0.114473
0.0833025   -0.169327