-14.0095   -0.337578
-12.828   -0.168789
-12.6592   -0.168789
-12.3216   -0.168789
-11.984   -0.168789
-11.3089   -0.168789
-10.6337   -0.168789
-9.95855   -0.168789
-9.1146   -0.168789
-8.27066   0.168789
-6.92035   0.168789
-5.73882   0.675156
-4.72609   1.01273
-3.88215   1.35031
-3.0382   1.68789
-3.0382   3.37578
-2.86941   4.05093
-2.70062   4.38851
-2.02547   4.21972
-2.02547   4.89488
-2.02547   5.73882
-1.5191   5.40125
-1.68789   6.92035
-1.18152   6.58277
-1.35031   7.42671
-0.843945   7.08914
0   6.75156
0.337578   6.24519
0.506367   5.73882
0.675156   5.23246
0.843945   4.89488
1.01273   4.5573
1.18152   4.21972
1.35031   3.88215
1.5191   3.54457
3.0382   3.37578
3.37578   3.20699
3.54457   3.0382
4.5573   3.0382
5.06367   2.86941
5.40125   2.70062
5.73882   2.53183
5.23246   1.68789
6.0764   1.85668
6.41398   1.68789
6.58277   1.68789
6.92035   1.68789
7.42671   1.68789
7.5955   1.68789
7.76429   1.5191
7.93308   1.5191
7.93308   1.5191
8.10187   1.35031
8.43945   1.35031
8.60824   1.35031
8.94581   1.35031
9.1146   1.18152
9.28339   1.18152
7.93308   0
6.75156   -0.337578
5.73882   -0.675156
5.40125   -1.01273
4.89488   -1.18152
4.05093   -1.5191
3.54457   -1.5191
3.20699   -1.68789
3.0382   -2.19426
3.0382   -2.53183
2.70062   -2.86941
2.53183   -3.0382
2.36305   -3.37578
2.36305   -3.71336
2.19426   -3.88215
2.02547   -4.05093
2.02547   -4.5573
1.85668   -4.72609
1.85668   -4.89488
1.68789   -5.06367
1.5191   -5.40125
1.35031   -5.73882
1.35031   -5.73882
1.18152   -5.90761
1.18152   -6.0764
1.01273   -6.24519
1.01273   -6.41398
0.843945   -6.58277
0.843945   -6.75156
0.843945   -6.75156
0.675156   -6.92035
0.675156   -7.08914
0.506367   -7.25792
0.506367   -7.42671
0.337578   -7.5955
1.01273   -7.42671
0.843945   -7.93308
0.675156   -8.27066
0.675156   -8.27066
0.506367   -8.43945
0.506367   -8.60824
0.337578   -8.77703
0.168789   -8.77703
-0.506367   -6.75156
-0.843945   -6.58277
-1.01273   -5.90761
-1.01273   -4.72609
-1.35031   -4.21972
-1.18152   -3.0382
-1.5191   -2.53183
-1.85668   -1.85668
-3.54457   -2.02547
-3.54457   -1.68789
-3.88215   -1.5191
-3.88215   -1.01273
-5.23246   -1.18152
-5.06367   -0.675156
-5.73882   -0.675156
-6.0764   -0.675156
-6.41398   -0.506367
-5.40125   -0.337578
-4.21972   -0.337578
-2.70062   -0.337578
-1.18152   -0.337578