-12.9967   0.168789
-12.4904   0.168789
-12.1528   0
-11.4776   0.168789
-10.6337   0.168789
-9.62097   0
-8.60824   0
-7.42671   0.168789
-6.24519   0.337578
-5.23246   0.506367
-4.72609   0.675156
-3.88215   0.675156
-3.54457   0.843945
-3.37578   1.01273
-3.0382   1.85668
-2.86941   2.02547
-2.70062   2.19426
-2.53183   2.36305
-2.36305   2.86941
-2.19426   3.0382
-2.02547   3.20699
-1.85668   3.37578
-1.85668   3.71336
-1.68789   3.88215
-1.68789   4.05093
-1.5191   4.21972
-1.35031   4.38851
-1.35031   4.89488
-1.5191   5.57004
-1.35031   5.73882
-1.18152   6.24519
-1.5191   9.45218
-0.506367   7.93308
0   6.92035
0   5.90761
0.337578   4.89488
0.337578   4.21972
0.675156   3.54457
0.675156   2.86941
1.5191   2.70062
1.85668   2.36305
2.19426   2.19426
2.36305   2.19426
2.53183   2.02547
3.20699   1.85668
3.54457   1.85668
3.71336   1.68789
3.88215   1.68789
3.88215   1.68789
4.05093   1.5191
4.05093   1.5191
4.21972   1.5191
4.38851   1.35031
4.89488   1.35031
5.23246   1.35031
5.40125   1.35031
5.57004   1.18152
5.73882   1.18152
6.0764   1.01273
6.58277   1.01273
7.25792   1.18152
8.10187   1.18152
12.828   1.68789
11.984   -0.337578
11.3089   -0.168789
10.4649   -0.337578
9.62097   -0.506367
8.27066   -0.506367
6.75156   -0.506367
5.23246   -0.675156
4.38851   -0.843945
2.86941   -1.01273
2.86941   -1.18152
2.70062   -1.68789
2.53183   -2.02547
2.36305   -2.53183
2.36305   -2.86941
2.19426   -3.0382
2.02547   -3.54457
2.02547   -3.71336
1.85668   -4.05093
1.85668   -4.5573
1.68789   -4.72609
1.68789   -4.89488
1.68789   -5.23246
1.5191   -5.73882
1.5191   -6.24519
1.5191   -6.92035
1.5191   -7.76429
1.85668   -9.45218
2.19426   -13.3343
0   -12.1528
0.168789   -11.3089
0   -10.4649
-0.168789   -9.1146
-0.337578   -7.42671
-0.506367   -6.0764
-0.506367   -5.23246
-0.506367   -4.38851
-0.843945   -3.54457
-1.01273   -2.70062
-1.35031   -2.70062
-2.02547   -2.36305
-2.19426   -2.19426
-2.53183   -2.02547
-3.20699   -1.85668
-3.37578   -1.68789
-3.54457   -1.68789
-3.88215   -1.5191
-4.05093   -1.35031
-4.38851   -1.18152
-4.89488   -1.18152
-5.23246   -1.18152
-5.23246   -1.01273
-5.57004   -0.843945
-5.90761   -0.843945
-6.75156   -0.843945
-5.06367   -0.506367
-3.88215   -0.506367
-2.36305   -0.506367
-0.337578   -0.506367